0025_R101  8  624.634  41
3    11 19 10
2    14 15
1    18
4    5 16 6 13
3    7 8 17
3    23 22 4
4    12 9 20 1
5    2 21 3 24 25

0025_R102  7  578.715  25944
4    7 11 19 10
3    8 17 5
2    14 16
3    23 24 25
3    18 6 13
5    12 3 1 9 20
5    2 15 22 4 21

0025_R103  4  474.169  10659
4    14 15 6 13
6    2 21 23 22 4 25
7    12 24 3 9 10 20 1
8    7 19 11 8 18 5 17 16

0025_R104  4  420.975  29212
4    21 22 23 4
6    7 19 11 8 18 13
8    1 10 20 9 3 24 25 12
7    2 15 14 16 17 5 6

0025_R105  5  556.716  41
4    21 18 8 17
5    2 12 9 3 24
5    15 23 22 4 25
6    11 19 7 10 20 1
5    5 14 16 6 13

0025_R106  5  473.474  18993
3    18 8 17
4    7 19 11 10
5    1 9 20 3 24
5    14 16 5 6 13
8    2 15 23 22 21 4 25 12

0025_R107  4  431.771  10652
5    2 15 14 6 13
5    21 23 22 4 25
8    18 7 11 19 8 17 16 5
7    12 24 3 9 20 10 1

0025_R108  4  416.618  11932
5    18 7 11 19 8
4    21 22 23 4
8    1 10 20 9 3 24 25 12
8    2 15 14 16 17 5 6 13

0025_R109  4  460.522  41
5    5 7 19 11 10
6    21 12 3 9 20 1
7    2 15 22 23 4 25 24
7    14 16 6 18 8 17 13

0025_R110  4  453.830  2581
5    12 3 24 25 4
6    14 16 5 18 8 17
7    11 19 7 10 20 9 1
7    2 21 23 22 15 6 13

0025_R111  4  443.905  41
6    2 15 14 16 6 13
6    1 12 3 9 20 10
6    21 23 22 4 25 24
7    7 19 11 8 18 17 5

0025_R112  4  411.052  4124
5    21 4 25 23 22
5    19 11 7 8 18
7    12 24 3 9 20 10 1
8    2 15 14 16 17 5 6 13

0025_R201  2  577.910  23421
13   19 11 7 16 18 9 3 10 20 1 4 24 25
12   5 14 15 12 2 21 23 22 6 8 17 13

0025_R202  2  606.185  31826
7    14 19 11 8 18 5 6
18   23 15 16 22 12 3 9 20 10 13 4 24 1 7 17 2 21 25

0025_R203  2  649.910  21755
9    19 11 1 9 20 8 24 25 2
16   21 23 15 22 6 7 18 3 12 10 13 4 16 5 17 14

0025_R204  1  506.659  18446
25   15 23 1 10 11 19 20 9 8 7 18 14 6 17 16 5 13 22 21 2 4 25 12 3 24

0025_R205  1  507.008  21782
25   2 15 14 5 19 11 7 12 21 23 22 16 6 18 8 10 9 20 3 24 25 4 1 17 13

0025_R206  1  455.237  5171
25   11 19 14 16 15 23 22 2 6 18 8 1 9 20 10 7 17 5 13 12 3 24 25 4 21

0025_R207  1  484.991  22441
25   3 11 19 23 21 22 15 14 16 6 8 7 10 20 9 1 18 5 17 13 2 12 24 25 4

0025_R208  1  479.346  28664
25   7 18 5 3 12 23 15 14 16 17 8 19 11 10 6 20 9 1 24 25 21 22 4 13 2

0025_R209  1  455.790  32384
25   2 14 15 21 12 19 11 7 8 5 18 16 17 6 13 22 23 25 4 3 9 20 10 1 24

0025_R210  2  621.455  19348
5    21 23 22 12 9
20   19 11 14 15 6 8 16 5 1 20 7 18 3 10 17 13 2 4 25 24

0025_R211  1  428.375  29684
25   2 7 19 11 8 18 12 21 23 22 15 14 16 17 5 6 13 4 25 24 9 3 1 20 10

0025_C101  3  191.814  17164
6    20 24 25 23 22 21
8    13 17 18 19 15 16 14 12
11   5 3 7 8 10 11 9 6 4 2 1

0025_C102  3  249.422  16875
9    3 2 5 8 10 11 6 23 22
8    20 24 25 21 1 7 9 4
8    13 17 18 19 15 16 14 12

0025_C103  3  286.919  6312
5    20 21 25 8 10
9    13 17 18 16 12 9 23 22 24
11   2 14 19 15 11 6 4 7 1 3 5

0025_C104  3  328.599  7469
7    22 25 8 15 16 19 23
6    6 10 18 17 11 9
12   13 14 12 2 3 7 1 4 5 21 20 24

0025_C105  3  191.814  41
6    20 24 25 23 22 21
8    13 17 18 19 15 16 14 12
11   5 3 7 8 10 11 9 6 4 2 1

0025_C106  3  191.814  41
6    20 24 25 23 22 21
8    13 17 18 19 15 16 14 12
11   5 3 7 8 10 11 9 6 4 2 1

0025_C107  3  192.642  4430
5    20 24 25 22 21
11   5 3 7 8 10 11 9 6 4 2 1
9    13 17 18 19 15 16 14 12 23

0025_C108  3  241.066  22301
4    13 17 25 24
10   20 18 19 15 16 14 12 23 22 21
11   3 5 7 8 10 11 9 6 4 2 1

0025_C109  3  249.073  7872
9    13 18 17 19 15 16 14 12 23
4    3 5 8 7
12   24 20 25 10 9 6 11 2 1 4 22 21

0025_C201  2  215.543  15742
6    5 2 1 7 3 4
19   20 22 24 6 23 18 19 16 14 12 15 17 13 25 9 11 10 8 21

0025_C202  1  229.870  12920
25   20 22 24 6 21 2 1 4 3 7 5 23 18 19 16 12 14 15 17 13 25 9 11 10 8

0025_C203  1  290.161  15855
25   20 22 24 6 21 1 7 3 2 5 4 19 16 14 18 23 15 12 17 13 25 9 11 10 8

0025_C204  1  353.589  20703
25   6 21 18 24 22 10 5 2 3 4 7 1 17 23 16 19 12 14 15 20 13 25 9 11 8

0025_C205  1  299.616  28383
25   20 24 22 5 2 1 6 7 3 4 23 18 19 16 12 14 15 13 17 25 9 11 10 8 21

0025_C206  1  289.637  16539
25   5 2 1 24 22 20 6 7 3 4 23 18 19 15 16 12 14 17 13 25 9 11 10 8 21

0025_C207  1  298.704  22027
25   5 1 2 24 22 20 6 7 4 3 12 19 18 23 17 15 16 14 13 25 9 10 11 8 21

0025_C208  1  243.790  14532
25   20 22 24 6 5 2 1 3 4 7 23 19 18 12 14 16 15 17 13 25 9 11 10 8 21

0025_RC101  4  462.156  41
3    11 22 20
6    23 21 19 18 25 24
8    2 5 7 6 8 3 1 4
8    14 12 15 16 9 10 13 17

0025_RC102  3  352.940  19599
8    2 7 6 8 4 5 3 1
8    21 23 19 18 22 20 25 24
9    12 14 11 15 16 9 10 13 17

0025_RC103  3  336.510  2191
8    20 21 23 18 19 22 25 24
8    1 3 5 8 7 6 4 2
9    12 15 11 9 10 13 16 17 14

0025_RC104  3  314.745  16384
8    2 6 7 8 3 1 5 4
8    20 19 18 21 23 25 22 24
9    12 14 15 11 10 9 13 16 17

0025_RC105  4  412.377  41
3    11 9 10
6    12 14 15 16 13 17
8    2 5 3 1 8 6 7 4
8    19 23 18 22 20 21 25 24

0025_RC106  3  346.505  24991
8    2 5 8 7 6 4 3 1
8    23 21 18 19 20 22 25 24
9    11 15 16 14 12 10 9 13 17

0025_RC107  3  299.498  2610
8    2 6 7 8 5 3 1 4
8    22 19 18 21 23 25 24 20
9    12 14 17 16 15 13 9 11 10

0025_RC108  3  302.259  22970
8    24 22 25 23 21 18 19 20
8    7 6 8 5 1 3 4 2
9    12 14 17 16 15 13 9 10 11

0025_RC201  2  497.927  28642
8    2 5 7 8 6 3 4 1
17   14 15 11 12 16 23 21 19 18 22 9 20 10 13 17 24 25

0025_RC202  2  537.747  19309
5    21 23 18 19 22
20   14 16 15 11 2 1 3 8 7 6 9 12 10 20 4 5 17 13 24 25

0025_RC203  1  451.918  20018
25   15 16 11 20 19 21 23 18 24 22 9 7 8 6 14 10 12 2 4 5 1 3 17 13 25

0025_RC204  1  403.968  4747
25   11 16 15 23 19 18 20 9 10 12 8 7 1 5 2 3 4 6 17 14 13 21 25 22 24

0025_RC205  2  488.638  13622
12   11 15 16 14 6 7 8 1 2 5 3 4
13   23 18 21 22 19 9 12 20 10 13 17 25 24

0025_RC206  1  476.768  2038
25   11 14 12 15 16 7 5 2 23 21 18 19 22 9 10 6 8 4 3 1 20 24 25 13 17

0025_RC207  2  486.494  26363
9    12 18 25 21 23 19 20 22 24
16   15 11 14 9 7 5 2 8 6 16 10 4 3 1 17 13

0025_RC208  1  348.850  20157
25   7 5 6 8 2 12 14 16 15 11 24 25 23 21 19 18 20 22 9 10 13 17 4 1 3
